1470
980
0.000000 0.525731 0.850651
0.000000 -0.525731 0.850651
0.525731 0.850651 0.000000
-0.525731 0.850651 0.000000
0.850651 0.000000 0.525731
-0.850651 0.000000 0.525731
-0.000000 -0.525731 -0.850651
-0.000000 0.525731 -0.850651
-0.525731 -0.850651 -0.000000
0.525731 -0.850651 -0.000000
-0.850651 -0.000000 -0.525731
0.850651 -0.000000 -0.525731
0.000000 0.403852 0.914824
0.000000 0.256042 0.966666
0.000000 0.087948 0.996125
0.000000 -0.087948 0.996125
0.000000 -0.256042 0.966666
0.000000 -0.403852 0.914824
0.080770 0.615311 0.784135
0.170695 0.702927 0.690475
0.263845 0.778705 0.569214
0.351794 0.833060 0.426911
0.426737 0.861170 0.276190
0.484622 0.864906 0.130689
-0.080770 0.615311 0.784135
-0.170695 0.702927 0.690475
-0.263845 0.778705 0.569214
-0.351794 0.833060 0.426911
-0.426737 0.861170 0.276190
-0.484622 0.864906 0.130689
0.130689 0.484622 0.864906
0.276190 0.426737 0.861170
0.426911 0.351794 0.833060
0.569214 0.263845 0.778705
0.690475 0.170695 0.702927
0.784135 0.080770 0.615311
-0.130689 0.484622 0.864906
-0.276190 0.426737 0.861170
-0.426911 0.351794 0.833060
-0.569214 0.263845 0.778705
-0.690475 0.170695 0.702927
-0.784135 0.080770 0.615311
0.130689 -0.484622 0.864906
0.276190 -0.426737 0.861170
0.426911 -0.351794 0.833060
0.569214 -0.263845 0.778705
0.690475 -0.170695 0.702927
0.784135 -0.080770 0.615311
-0.130689 -0.484622 0.864906
-0.276190 -0.426737 0.861170
-0.426911 -0.351794 0.833060
-0.569214 -0.263845 0.778705
-0.690475 -0.170695 0.702927
-0.784135 -0.080770 0.615311
-0.080770 -0.615311 0.784135
-0.170695 -0.702927 0.690475
-0.263845 -0.778705 0.569214
-0.351794 -0.833060 0.426911
-0.426737 -0.861170 0.276190
-0.484622 -0.864906 0.130689
0.080770 -0.615311 0.784135
0.170695 -0.702927 0.690475
0.263845 -0.778705 0.569214
0.351794 -0.833060 0.426911
0.426737 -0.861170 0.276190
0.484622 -0.864906 0.130689
0.403852 0.914824 0.000000
0.256042 0.966666 0.000000
0.087948 0.996125 0.000000
-0.087948 0.996125 0.000000
-0.256042 0.966666 0.000000
-0.403852 0.914824 0.000000
0.615311 0.784135 0.080770
0.702927 0.690475 0.170695
0.778705 0.569214 0.263845
0.833060 0.426911 0.351794
0.861170 0.276190 0.426737
0.864906 0.130689 0.484622
0.484622 0.864906 -0.130689
0.426737 0.861170 -0.276190
0.351794 0.833060 -0.426911
0.263845 0.778705 -0.569214
0.170695 0.702927 -0.690475
0.080770 0.615311 -0.784135
0.615311 0.784135 -0.080770
0.702927 0.690475 -0.170695
0.778705 0.569214 -0.263845
0.833060 0.426911 -0.351794
0.861170 0.276190 -0.426737
0.864906 0.130689 -0.484622
-0.615311 0.784135 0.080770
-0.702927 0.690475 0.170695
-0.778705 0.569214 0.263845
-0.833060 0.426911 0.351794
-0.861170 0.276190 0.426737
-0.864906 0.130689 0.484622
-0.484622 0.864906 -0.130689
-0.426737 0.861170 -0.276190
-0.351794 0.833060 -0.426911
-0.263845 0.778705 -0.569214
-0.170695 0.702927 -0.690475
-0.080770 0.615311 -0.784135
-0.615311 0.784135 -0.080770
-0.702927 0.690475 -0.170695
-0.778705 0.569214 -0.263845
-0.833060 0.426911 -0.351794
-0.861170 0.276190 -0.426737
-0.864906 0.130689 -0.484622
0.864906 -0.130689 0.484622
0.861170 -0.276190 0.426737
0.833060 -0.426911 0.351794
0.778705 -0.569214 0.263845
0.702927 -0.690475 0.170695
0.615311 -0.784135 0.080770
0.914824 0.000000 0.403852
0.966666 0.000000 0.256042
0.996125 0.000000 0.087948
0.996125 0.000000 -0.087948
0.966666 0.000000 -0.256042
0.914824 0.000000 -0.403852
-0.864906 -0.130689 0.484622
-0.861170 -0.276190 0.426737
-0.833060 -0.426911 0.351794
-0.778705 -0.569214 0.263845
-0.702927 -0.690475 0.170695
-0.615311 -0.784135 0.080770
-0.914824 0.000000 0.403852
-0.966666 0.000000 0.256042
-0.996125 0.000000 0.087948
-0.996125 0.000000 -0.087948
-0.966666 0.000000 -0.256042
-0.914824 0.000000 -0.403852
-0.000000 -0.403852 -0.914824
-0.000000 -0.256042 -0.966666
-0.000000 -0.087948 -0.996125
-0.000000 0.087948 -0.996125
-0.000000 0.256042 -0.966666
-0.000000 0.403852 -0.914824
-0.080770 -0.615311 -0.784135
-0.170695 -0.702927 -0.690475
-0.263845 -0.778705 -0.569214
-0.351794 -0.833060 -0.426911
-0.426737 -0.861170 -0.276190
-0.484622 -0.864906 -0.130689
0.080770 -0.615311 -0.784135
0.170695 -0.702927 -0.690475
0.263845 -0.778705 -0.569214
0.351794 -0.833060 -0.426911
0.426737 -0.861170 -0.276190
0.484622 -0.864906 -0.130689
-0.130689 -0.484622 -0.864906
-0.276190 -0.426737 -0.861170
-0.426911 -0.351794 -0.833060
-0.569214 -0.263845 -0.778705
-0.690475 -0.170695 -0.702927
-0.784135 -0.080770 -0.615311
0.130689 -0.484622 -0.864906
0.276190 -0.426737 -0.861170
0.426911 -0.351794 -0.833060
0.569214 -0.263845 -0.778705
0.690475 -0.170695 -0.702927
0.784135 -0.080770 -0.615311
-0.130689 0.484622 -0.864906
-0.276190 0.426737 -0.861170
-0.426911 0.351794 -0.833060
-0.569214 0.263845 -0.778705
-0.690475 0.170695 -0.702927
-0.784135 0.080770 -0.615311
0.130689 0.484622 -0.864906
0.276190 0.426737 -0.861170
0.426911 0.351794 -0.833060
0.569214 0.263845 -0.778705
0.690475 0.170695 -0.702927
0.784135 0.080770 -0.615311
-0.403852 -0.914824 -0.000000
-0.256042 -0.966666 -0.000000
-0.087948 -0.996125 -0.000000
0.087948 -0.996125 -0.000000
0.256042 -0.966666 -0.000000
0.403852 -0.914824 -0.000000
-0.615311 -0.784135 -0.080770
-0.702927 -0.690475 -0.170695
-0.778705 -0.569214 -0.263845
-0.833060 -0.426911 -0.351794
-0.861170 -0.276190 -0.426737
-0.864906 -0.130689 -0.484622
0.615311 -0.784135 -0.080770
0.702927 -0.690475 -0.170695
0.778705 -0.569214 -0.263845
0.833060 -0.426911 -0.351794
0.861170 -0.276190 -0.426737
0.864906 -0.130689 -0.484622
-0.140152 0.346475 0.927530
-0.293844 0.272408 0.916215
-0.146922 0.181605 0.972334
-0.448219 0.184676 0.874640
-0.304042 0.093954 0.948014
-0.149406 -0.000000 0.988776
-0.587688 0.090803 0.803977
-0.456063 -0.000000 0.889947
-0.304042 -0.093954 0.948014
-0.146922 -0.181605 0.972334
-0.700760 0.000000 0.713397
-0.587688 -0.090803 0.803977
-0.448219 -0.184676 0.874640
-0.293844 -0.272408 0.916215
-0.140152 -0.346475 0.927530
-0.226771 0.573245 0.787378
-0.328527 0.657055 0.678490
-0.384646 0.510133 0.769293
-0.426421 0.725233 0.540557
-0.491951 0.585905 0.643972
-0.540557 0.426421 0.725233
-0.510133 0.769293 0.384646
-0.585905 0.643972 0.491951
-0.643972 0.491951 0.585905
-0.678490 0.328527 0.657055
-0.573245 0.787378 0.226771
-0.657055 0.678490 0.328527
-0.725233 0.540557 0.426421
-0.769293 0.384646 0.510133
-0.787378 0.226771 0.573245
0.000000 0.713397 0.700760
0.090803 0.803977 0.587688
-0.090803 0.803977 0.587688
0.184676 0.874640 0.448219
0.000000 0.889947 0.456063
-0.184676 0.874640 0.448219
0.272408 0.916215 0.293844
0.093954 0.948014 0.304042
-0.093954 0.948014 0.304042
-0.272408 0.916215 0.293844
0.346475 0.927530 0.140152
0.181605 0.972334 0.146922
0.000000 0.988776 0.149406
-0.181605 0.972334 0.146922
-0.346475 0.927530 0.140152
0.226771 0.573245 0.787378
0.384646 0.510133 0.769293
0.328527 0.657055 0.678490
0.540557 0.426421 0.725233
0.491951 0.585905 0.643972
0.426421 0.725233 0.540557
0.678490 0.328527 0.657055
0.643972 0.491951 0.585905
0.585905 0.643972 0.491951
0.510133 0.769293 0.384646
0.787378 0.226771 0.573245
0.769293 0.384646 0.510133
0.725233 0.540557 0.426421
0.657055 0.678490 0.328527
0.573245 0.787378 0.226771
0.140152 0.346475 0.927530
0.146922 0.181605 0.972334
0.293844 0.272408 0.916215
0.149406 -0.000000 0.988776
0.304042 0.093954 0.948014
0.448219 0.184676 0.874640
0.146922 -0.181605 0.972334
0.304042 -0.093954 0.948014
0.456063 -0.000000 0.889947
0.587688 0.090803 0.803977
0.140152 -0.346475 0.927530
0.293844 -0.272408 0.916215
0.448219 -0.184676 0.874640
0.587688 -0.090803 0.803977
0.700760 0.000000 0.713397
-0.226771 -0.573245 0.787378
-0.384646 -0.510133 0.769293
-0.328527 -0.657055 0.678490
-0.540557 -0.426421 0.725233
-0.491951 -0.585905 0.643972
-0.426421 -0.725233 0.540557
-0.678490 -0.328527 0.657055
-0.643972 -0.491951 0.585905
-0.585905 -0.643972 0.491951
-0.510133 -0.769293 0.384646
-0.787378 -0.226771 0.573245
-0.769293 -0.384646 0.510133
-0.725233 -0.540557 0.426421
-0.657055 -0.678490 0.328527
-0.573245 -0.787378 0.226771
-0.927530 0.140152 0.346475
-0.916215 0.293844 0.272408
-0.972334 0.146922 0.181605
-0.874640 0.448219 0.184676
-0.948014 0.304042 0.093954
-0.988776 0.149406 -0.000000
-0.803977 0.587688 0.090803
-0.889947 0.456063 -0.000000
-0.948014 0.304042 -0.093954
-0.972334 0.146922 -0.181605
-0.713397 0.700760 0.000000
-0.803977 0.587688 -0.090803
-0.874640 0.448219 -0.184676
-0.916215 0.293844 -0.272408
-0.927530 0.140152 -0.346475
-0.346475 0.927530 -0.140152
-0.181605 0.972334 -0.146922
-0.272408 0.916215 -0.293844
0.000000 0.988776 -0.149406
-0.093954 0.948014 -0.304042
-0.184676 0.874640 -0.448219
0.181605 0.972334 -0.146922
0.093954 0.948014 -0.304042
0.000000 0.889947 -0.456063
-0.090803 0.803977 -0.587688
0.346475 0.927530 -0.140152
0.272408 0.916215 -0.293844
0.184676 0.874640 -0.448219
0.090803 0.803977 -0.587688
-0.000000 0.713397 -0.700760
0.713397 0.700760 0.000000
0.803977 0.587688 0.090803
0.803977 0.587688 -0.090803
0.874640 0.448219 0.184676
0.889947 0.456063 0.000000
0.874640 0.448219 -0.184676
0.916215 0.293844 0.272408
0.948014 0.304042 0.093954
0.948014 0.304042 -0.093954
0.916215 0.293844 -0.272408
0.927530 0.140152 0.346475
0.972334 0.146922 0.181605
0.988776 0.149406 0.000000
0.972334 0.146922 -0.181605
0.927530 0.140152 -0.346475
0.787378 -0.226771 0.573245
0.678490 -0.328527 0.657055
0.769293 -0.384646 0.510133
0.540557 -0.426421 0.725233
0.643972 -0.491951 0.585905
0.725233 -0.540557 0.426421
0.384646 -0.510133 0.769293
0.491951 -0.585905 0.643972
0.585905 -0.643972 0.491951
0.657055 -0.678490 0.328527
0.226771 -0.573245 0.787378
0.328527 -0.657055 0.678490
0.426421 -0.725233 0.540557
0.510133 -0.769293 0.384646
0.573245 -0.787378 0.226771
0.140152 0.346475 -0.927530
0.293844 0.272408 -0.916215
0.146922 0.181605 -0.972334
0.448219 0.184676 -0.874640
0.304042 0.093954 -0.948014
0.149406 -0.000000 -0.988776
0.587688 0.090803 -0.803977
0.456063 -0.000000 -0.889947
0.304042 -0.093954 -0.948014
0.146922 -0.181605 -0.972334
0.700760 0.000000 -0.713397
0.587688 -0.090803 -0.803977
0.448219 -0.184676 -0.874640
0.293844 -0.272408 -0.916215
0.140152 -0.346475 -0.927530
0.787378 -0.226771 -0.573245
0.769293 -0.384646 -0.510133
0.678490 -0.328527 -0.657055
0.725233 -0.540557 -0.426421
0.643972 -0.491951 -0.585905
0.540557 -0.426421 -0.725233
0.657055 -0.678490 -0.328527
0.585905 -0.643972 -0.491951
0.491951 -0.585905 -0.643972
0.384646 -0.510133 -0.769293
0.573245 -0.787378 -0.226771
0.510133 -0.769293 -0.384646
0.426421 -0.725233 -0.540557
0.328527 -0.657055 -0.678490
0.226771 -0.573245 -0.787378
0.346475 -0.927530 -0.140152
0.181605 -0.972334 -0.146922
0.272408 -0.916215 -0.293844
-0.000000 -0.988776 -0.149406
0.093954 -0.948014 -0.304042
0.184676 -0.874640 -0.448219
-0.181605 -0.972334 -0.146922
-0.093954 -0.948014 -0.304042
-0.000000 -0.889947 -0.456063
0.090803 -0.803977 -0.587688
-0.346475 -0.927530 -0.140152
-0.272408 -0.916215 -0.293844
-0.184676 -0.874640 -0.448219
-0.090803 -0.803977 -0.587688
0.000000 -0.713397 -0.700760
-0.573245 -0.787378 -0.226771
-0.657055 -0.678490 -0.328527
-0.510133 -0.769293 -0.384646
-0.725233 -0.540557 -0.426421
-0.585905 -0.643972 -0.491951
-0.426421 -0.725233 -0.540557
-0.769293 -0.384646 -0.510133
-0.643972 -0.491951 -0.585905
-0.491951 -0.585905 -0.643972
-0.328527 -0.657055 -0.678490
-0.787378 -0.226771 -0.573245
-0.678490 -0.328527 -0.657055
-0.540557 -0.426421 -0.725233
-0.384646 -0.510133 -0.769293
-0.226771 -0.573245 -0.787378
-0.700760 0.000000 -0.713397
-0.587688 0.090803 -0.803977
-0.587688 -0.090803 -0.803977
-0.448219 0.184676 -0.874640
-0.456063 0.000000 -0.889947
-0.448219 -0.184676 -0.874640
-0.293844 0.272408 -0.916215
-0.304042 0.093954 -0.948014
-0.304042 -0.093954 -0.948014
-0.293844 -0.272408 -0.916215
-0.140152 0.346475 -0.927530
-0.146922 0.181605 -0.972334
-0.149406 0.000000 -0.988776
-0.146922 -0.181605 -0.972334
-0.140152 -0.346475 -0.927530
0.573245 0.787378 -0.226771
0.657055 0.678490 -0.328527
0.510133 0.769293 -0.384646
0.725233 0.540557 -0.426421
0.585905 0.643972 -0.491951
0.426421 0.725233 -0.540557
0.769293 0.384646 -0.510133
0.643972 0.491951 -0.585905
0.491951 0.585905 -0.643972
0.328527 0.657055 -0.678490
0.787378 0.226771 -0.573245
0.678490 0.328527 -0.657055
0.540557 0.426421 -0.725233
0.384646 0.510133 -0.769293
0.226771 0.573245 -0.787378
0.927530 -0.140152 0.346475
0.916215 -0.293844 0.272408
0.972334 -0.146922 0.181605
0.874640 -0.448219 0.184676
0.948014 -0.304042 0.093954
0.988776 -0.149406 -0.000000
0.803977 -0.587688 0.090803
0.889947 -0.456063 -0.000000
0.948014 -0.304042 -0.093954
0.972334 -0.146922 -0.181605
0.713397 -0.700760 0.000000
0.803977 -0.587688 -0.090803
0.874640 -0.448219 -0.184676
0.916215 -0.293844 -0.272408
0.927530 -0.140152 -0.346475
0.000000 -0.713397 0.700760
-0.090803 -0.803977 0.587688
0.090803 -0.803977 0.587688
-0.184676 -0.874640 0.448219
0.000000 -0.889947 0.456063
0.184676 -0.874640 0.448219
-0.272408 -0.916215 0.293844
-0.093954 -0.948014 0.304042
0.093954 -0.948014 0.304042
0.272408 -0.916215 0.293844
-0.346475 -0.927530 0.140152
-0.181605 -0.972334 0.146922
0.000000 -0.988776 0.149406
0.181605 -0.972334 0.146922
0.346475 -0.927530 0.140152
-0.927530 -0.140152 0.346475
-0.972334 -0.146922 0.181605
-0.916215 -0.293844 0.272408
-0.988776 -0.149406 -0.000000
-0.948014 -0.304042 0.093954
-0.874640 -0.448219 0.184676
-0.972334 -0.146922 -0.181605
-0.948014 -0.304042 -0.093954
-0.889947 -0.456063 -0.000000
-0.803977 -0.587688 0.090803
-0.927530 -0.140152 -0.346475
-0.916215 -0.293844 -0.272408
-0.874640 -0.448219 -0.184676
-0.803977 -0.587688 -0.090803
-0.713397 -0.700760 0.000000
-0.573245 0.787378 -0.226771
-0.510133 0.769293 -0.384646
-0.657055 0.678490 -0.328527
-0.426421 0.725233 -0.540557
-0.585905 0.643972 -0.491951
-0.725233 0.540557 -0.426421
-0.328527 0.657055 -0.678490
-0.491951 0.585905 -0.643972
-0.643972 0.491951 -0.585905
-0.769293 0.384646 -0.510133
-0.226771 0.573245 -0.787378
-0.384646 0.510133 -0.769293
-0.540557 0.426421 -0.725233
-0.678490 0.328527 -0.657055
-0.787378 0.226771 -0.573245
0.187908
0.161541
0.151974
0.173526
0.173526
0.156637
0.175851
0.171325
0.185476
0.156637
0.170983
0.170983
0.181552
0.156637
0.171325
0.156637
0.181605
0.187908
0.170656
0.173526
0.137742
0.181552
0.185476
0.182365
0.185476
0.170983
0.173526
0.181552
0.137742
0.173526
0.187908
0.151974
0.170983
0.185476
0.181605
0.182365
0.185476
0.164800
0.182365
0.173526
0.151974
0.175851
0.171325
0.161541
0.171325
0.181605
0.173526
0.182365
0.182365
0.182365
0.170983
0.171325
0.161541
0.173526
0.164800
0.173526
0.175897
0.156637
0.175851
0.164800
0.182365
0.173526
0.185476
0.173526
0.185476
0.170983
0.170983
0.173526
0.151974
0.171325
0.161541
0.181605
0.171325
0.181552
0.175851
0.151974
0.151974
0.171325
0.161541
0.170983
0.175851
0.173526
0.171325
0.173526
0.181552
0.171325
0.182365
0.173526
0.173526
0.170983
0.164800
0.164800
0.164800
0.156637
0.181552
0.185476
0.151974
0.170656
0.181605
0.185476
0.151974
0.173526
0.173526
0.187908
0.185476
0.187908
0.170656
0.171325
0.181552
0.181552
0.181605
0.181552
0.170983
0.182365
0.175851
0.175851
0.181552
0.181552
0.185476
0.170983
0.173526
0.137742
0.182365
0.187908
0.175897
0.156637
0.173526
0.181552
0.170983
0.181552
0.181605
0.173526
0.173526
0.151974
0.175851
0.161541
0.170656
0.170656
0.161541
0.185476
0.137742
0.171325
0.181552
0.171325
0.164800
0.170656
0.164800
0.170983
0.185476
0.181552
0.175851
0.173526
0.175851
0.181605
0.161541
0.170656
0.164800
0.151974
0.175851
0.173526
0.170983
0.181605
0.151974
0.170656
0.182365
0.156637
0.185476
0.182365
0.164800
0.170656
0.171325
0.171325
0.137742
0.161541
0.181605
0.175851
0.164800
0.182365
0.173526
0.170983
0.175851
0.185476
0.151974
0.187908
0.137742
0.170983
0.151974
0.170656
0.185476
0.170983
0.182365
0.175897
0.175851
0.156637
0.170983
0.156637
0.182365
0.164800
0.171325
0.185476
0.181552
0.185476
0.161541
0.170983
0.170656
0.156637
0.182365
0.182365
0.185476
0.151974
0.171325
0.185476
0.173526
0.164800
0.151974
0.170656
0.151974
0.164800
0.173526
0.185476
0.170983
0.171325
0.182365
0.137742
0.164800
0.137742
0.171325
0.181605
0.175851
0.171325
0.185476
0.181605
0.187908
0.171325
0.185476
0.182365
0.182365
0.170656
0.182365
0.173526
0.170656
0.175851
0.173526
0.151974
0.171325
0.156637
0.170656
0.175897
0.161541
0.182365
0.161541
0.170656
0.151974
0.182365
0.181552
0.187908
0.182365
0.170983
0.171325
0.187908
0.181552
0.164800
0.137742
0.171325
0.187908
0.170983
0.185476
0.182365
0.170983
0.151974
0.185476
0.185476
0.164800
0.170983
0.164800
0.164800
0.187908
0.185476
0.170983
0.171325
0.151974
0.156637
0.182365
0.181605
0.185476
0.151974
0.181552
0.187908
0.170656
0.171325
0.173526
0.164800
0.182365
0.173526
0.170656
0.181605
0.181552
0.185476
0.182365
0.151974
0.173526
0.181605
0.164800
0.185476
0.175851
0.173526
0.173526
0.171325
0.164800
0.151974
0.170983
0.151974
0.175851
0.181605
0.181552
0.151974
0.185476
0.181552
0.182365
0.187908
0.156637
0.156637
0.156637
0.170983
0.173526
0.187908
0.137742
0.170983
0.171325
0.175897
0.171325
0.181552
0.161541
0.151974
0.173526
0.185476
0.173526
0.151974
0.171325
0.182365
0.181552
0.170983
0.171325
0.164800
0.181552
0.137742
0.164800
0.175851
0.170983
0.181552
0.173526
0.175851
0.181605
0.181552
0.173526
0.170656
0.175851
0.185476
0.187908
0.185476
0.175851
0.171325
0.170983
0.181552
0.181605
0.164800
0.164800
0.182365
0.185476
0.181552
0.170983
0.181552
0.151974
0.170983
0.175851
0.181605
0.164800
0.156637
0.181552
0.164800
0.187908
0.161541
0.164800
0.182365
0.170983
0.171325
0.175851
0.151974
0.173526
0.185476
0.181605
0.185476
0.173526
0.156637
0.170983
0.161541
0.181552
0.173526
0.170656
0.185476
0.171325
0.171325
0.175851
0.173526
0.182365
0.175851
0.164800
0.164800
0.181552
0.164800
0.175851
0.156637
0.156637
0.181552
0.173526
0.151974
0.164800
0.170983
0.170983
0.181552
0.175897
0.170983
0.181552
0.185476
0.170983
0.164800
0.170983
0.182365
0.151974
0.173526
0.185476
0.182365
0.164800
0.181552
0.185476
0.175897
0.170983
0.161541
0.175851
0.171325
0.173526
0.173526
0.170983
0.164800
0.151974
0.164800
0.175851
0.164800
0.173526
0.171325
0.171325
0.164800
0.151974
0.170983
0.171325
0.175851
0.173526
0.170983
0.185476
0.175851
0.170656
0.137742
0.187908
0.185476
0.175851
0.164800
0.170983
0.161541
0.164800
0.170656
0.181552
0.161541
0.181552
0.175851
0.170983
0.181552
0.137742
0.182365
0.185476
0.181552
0.137742
0.156637
0.164800
0.170983
0.173526
0.164800
0.175897
0.164800
0.181552
0.175851
0.164800
0.182365
0.171325
0.182365
0.156637
0.182365
0.156637
0.175851
0.173526
0.170983
0.151974
0.164800
0.185476
0.175851
0.151974
0.187908
0.156637
0.181552
0.185476
0.187908
0.181552
0.170656
0.137742
0.185476
0.170983
0.182365
0.151974
0.187908
0.185476
0.170983
0.181605
0.181605
0.151974
0.185476
0.181605
0.173526
0.181552
0.182365
0.175851
0.156637
0.170656
0.170983
0.164800
0.161541
0.185476
0.161541
0.137742
0.173526
0.156637
0.173526
0.185476
0.171325
0.170983
0.185476
0.164800
0.175851
0.137742
0.170656
0.175851
0.170656
0.181552
0.171325
0.137742
0.156637
0.164800
0.175851
0.173526
0.170983
0.170656
0.164800
0.137742
0.151974
0.173526
0.151974
0.181552
0.170983
0.170983
0.171325
0.170983
0.181605
0.175851
0.164800
0.181552
0.181605
0.181552
0.181552
0.175851
0.151974
0.181605
0.181605
0.187908
0.170656
0.173526
0.182365
0.173526
0.182365
0.164800
0.175897
0.171325
0.171325
0.171325
0.187908
0.137742
0.164800
0.185476
0.171325
0.171325
0.173526
0.151974
0.181605
0.171325
0.161541
0.170983
0.181552
0.175851
0.170983
0.161541
0.156637
0.181605
0.151974
0.151974
0.182365
0.187908
0.185476
0.182365
0.164800
0.173526
0.173526
0.173526
0.182365
0.137742
0.182365
0.151974
0.181552
0.161541
0.171325
0.187908
0.173526
0.171325
0.171325
0.175851
0.175851
0.175851
0.164800
0.187908
0.164800
0.161541
0.151974
0.170983
0.171325
0.170983
0.175897
0.181605
0.185476
0.171325
0.173526
0.187908
0.171325
0.181552
0.171325
0.171325
0.170983
0.173526
0.181552
0.173526
0.175851
0.137742
0.175851
0.181605
0.187908
0.173526
0.182365
0.171325
0.170983
0.171325
0.171325
0.175897
0.182365
0.171325
0.161541
0.164800
0.175851
0.181552
0.170656
0.185476
0.164800
0.171325
0.137742
0.164800
0.170983
0.187908
0.175851
0.164800
0.164800
0.181605
0.185476
0.161541
0.181552
0.156637
0.156637
0.185476
0.181552
0.185476
0.173526
0.161541
0.175851
0.171325
0.185476
0.171325
0.164800
0.182365
0.182365
0.173526
0.156637
0.170983
0.187908
0.170656
0.173526
0.170656
0.181605
0.185476
0.181605
0.175851
0.182365
0.170983
0.182365
0.185476
0.185476
0.156637
0.182365
0.181552
0.137742
0.173526
0.187908
0.185476
0.151974
0.173526
0.182365
0.181552
0.187908
0.175851
0.182365
0.181605
0.170983
0.185476
0.156637
0.175851
0.175851
0.181605
0.170983
0.170983
0.170656
0.185476
0.181552
0.161541
0.170656
0.175851
0.137742
0.137742
0.173526
0.170983
0.175851
0.171325
0.170983
0.156637
0.171325
0.175851
0.161541
0.175851
0.161541
0.161541
0.170656
0.170983
0.182365
0.175851
0.181552
0.182365
0.161541
0.173526
0.185476
0.181552
0.151974
0.161541
0.173526
0.151974
0.175897
0.137742
0.181552
0.173526
0.187908
0.181552
0.181552
0.173526
0.182365
0.171325
0.173526
0.170983
0.175897
0.185476
0.171325
0.164800
0.173526
0.156637
0.175851
0.161541
0.171325
0.170983
0.151974
0.175851
0.161541
0.170656
0.185476
0.171325
0.170983
0.182365
0.181552
0.170983
0.170656
0.182365
0.181605
0.175851
0.170983
0.171325
0.175851
0.170983
0.161541
0.182365
0.182365
0.156637
0.164800
0.161541
0.171325
0.151974
0.173526
0.173526
0.137742
0.171325
0.151974
0.175851
0.151974
0.156637
0.175897
0.181552
0.185476
0.164800
0.171325
0.185476
0.181605
0.171325
0.181552
0.187908
0.185476
0.181605
0.170983
0.175851
0.175897
0.181605
0.137742
0.173526
0.175851
0.182365
0.187908
0.170656
0.151974
0.151974
0.151974
0.171325
0.151974
0.151974
0.164800
0.175851
0.161541
0.170656
0.170656
0.151974
0.170656
0.170656
0.137742
0.164800
0.151974
0.185476
0.171325
0.187908
0.175851
0.151974
0.185476
0.175851
0.164800
0.156637
0.161541
0.173526
0.182365
0.185476
0.185476
0.182365
0.151974
0.173526
0.171325
0.181605
0.161541
0.181552
0.151974
0.181552
0.185476
0.182365
0.175851
0.171325
0.175851
0.170983
0.151974
0.181552
0.185476
0.137742
0.170983
0.137742
0.175851
0.170983
0.181605
0.182365
0.175897
0.170983
0.181552
0.185476
0.185476
0.151974
0.182365
0.187908
0.175851
0.181552
0.185476
0.185476
0.171325
0.164800
0.175851
0.164800
0.175897
0.185476
0.181552
0.181552
0.175897
0.170983
0.181552
0.171325
0.182365
0.151974
0.161541
0.182365
0.137742
0.185476
0.187908
0.175897
0.181552
0.173526
0.181552
0.181552
0.137742
0.173526
0.151974
0.185476
0.151974
0.181552
0.151974
0.170983
0.161541
0.151974
0.173526
0.181552
0.164800
0.187908
0.161541
0.187908
0.181552
0.170656
0.151974
0.170983
0.137742
0.137742
0.185476
0.164800
0.170983
0.151974
0.185476
0.181552
0.137742
0.170656
0.170983
0.181552
0.151974
0.170983
0.164800
0.164800
0.182365
0.181552
0.151974
0.170983
0.170983
0.173526
0.151974
0.175851
0.164800
0.137742
0.161541
0.185476
0.171325
0.164800
0.164800
0.151974
0.173526
0.170983
0.173526
0.151974
0.181605
0.151974
0.182365
0.187908
0.151974
0.171325
0.137742
0.175851
0.164800
0.182365
0.185476
0.164800
0.175851
0.137742
0.151974
0.181552
0.151974
0.151974
0.171325
0.156637
0.164800
0.170983
0.181605
0.175897
0.161541
0.185476
0.156637
0.173526
0.185476
0.182365
0.175851
0.175851
0.181552
0.173526
0.164800
0.175851
0.175851
0.170656
0.156637
0.171325
0.181605
0.171325
0.173526
0.181552
0.156637
0.187908
0.187908
0.185476
0.170656
0.182365
0.151974
0.161541
0.173526
0.170656
0.181552
0.156637
0.185476
0.175851
0.173526
0.181552
0.164800
0.175851
0.173526
0.181552
0.137742
0.137742
0.161541
0.182365
0.170983
0.164800
0.181552
0.151974
0.181552
0.171325
0.161541
0.182365
0.181552
0.151974
0.170983
0.185476
0.185476
0.187908
0.173526
0.187908
0.156637
0.182365
0.171325
0.187908
0.181552
0.182365
0.181552
0.164800
0.175851
0.181605
0.181552
0.181552
0.182365
0.175897
0.182365
0.175851
0.137742
0.156637
0.185476
0.173526
0.171325
0.170656
0.151974
0.171325
0.185476
0.171325
0.175851
0.164800
0.175851
0.182365
0.161541
0.175897
0.181552
0.181552
0.181605
0.170656
0.171325
0.182365
0.164800
0.181552
0.185476
0.170983
0.171325
0.185476
0.170983
0.156637
0.164800
0.185476
0.173526
0.173526
0.171325
0.137742
0.156637
0.175851
0.151974
0.151974
0.173526
0.185476
0.187908
0.175851
0.171325
0.182365
0.161541
0.173526
0.175851
0.164800
0.185476
0.171325
0.175851
0.137742
0.151974
0.173526
0.170983
0.175851
0.175897
0.187908
0.151974
0.175851
0.171325
0.164800
0.175851
0.173526
0.137742
0.170656
0.171325
0.171325
0.164800
0.185476
0.175897
0.170983
0.175851
0.170983
0.137742
0.151974
0.171325
0.181605
0.164800
0.161541
0.151974
0.164800
0.175851
0.185476
0.173526
0.173526
0.185476
0.181605
0.171325
0.182365
0.170656
0.185476
0.164800
0.170983
0.185476
0.173526
0.181552
0.151974
0.170656
0.151974
0.164800
0.175851
0.164800
0.137742
0.181552
0.161541
0.151974
0.164800
0.170656
0.170983
0.185476
0.164800
0.164800
0.161541
0.164800
0.185476
0.182365
0.151974
0.151974
0.181605
0.175897
0.170983
0.181552
0.175851
0.161541
0.171325
0.164800
0.161541
0.175851
0.182365
0.182365
0.185476
0.171325
0.170983
0.164800
0.181552
0.182365
0.182365
0.175851
0.182365
0.185476
0.151974
0.137742
0.175851
0.170656
0.156637
0.175897
0.182365
0.173526
0.182365
0.156637
0.173526
0.151974
0.182365
0.164800
0.170983
0.182365
0.151974
0.151974
0.182365
0.175851
0.182365
0.170656
0.182365
0.175851
0.171325
0.171325
0.173526
0.175897
0.171325
0.137742
0.182365
0.137742
0.175851
0.151974
0.151974
0.151974
0.187908
0.137742
0.171325
0.164800
0.185476
0.185476
0.181605
0.187908
0.151974
0.164800
0.164800
0.182365
0.161541
0.164800
0.187908
0.182365
0.170983
0.170983
0.170983
0.137742
0.175851
0.181605
0.185476
0.151974
0.170656
0.171325
0.171325
0.151974
0.156637
0.170983
0.182365
0.170983
0.170983
0.182365
0.171325
0.175851
0.137742
0.182365
0.187908
0.181552
0.171325
0.175851
0.170656
0.187908
0.187908
0.181552
0.185476
0.181552
0.175851
0.151974
0.173526
0.164800
0.137742
0.164800
0.137742
0.164800
0.175851
0.170983
0.185476
0.170983
0.175851
0.156637
0.185476
0.171325
0.156637
0.151974
0.187908
0.173526
0.171325
0.170983
0.161541
0.175851
0.164800
0.164800
0.181552
0.182365
0.170656
0.182365
0.187908
0.175851
0.171325
0.173526
0.182365
0.182365
0.175897
0.151974
0.151974
0.185476
0.151974
0.171325
0.181552
0.170656
0.170656
0.151974
0.161541
0.170983
0.173526
0.151974
0.182365
0.181552
0.181552
0.181605
0.181605
0.151974
0.161541
0.187908
0.182365
0.182365
0.187908
0.171325
0.181552
0.156637
0.182365
0.173526
0.181552
0.175851
0.170983
0.185476
0.185476
0.187908
0.181552
0.181605
0.181552
0.156637
0.181605
0.175851
0.151974
0.164800
0.170983
0.137742
0.151974
0.156637
0.170656
0.164800
0.182365
0.175851
0.175851
0.181605
0.170983
0.171325
0.173526
0.181552
0.182365
0.164800
0.182365
0.182365
0.137742
0.151974
0.164800
0.164800
0.164800
0.173526
0.173526
0.181552
0.175897
0.181605
0.175851
0.182365
0.156637
0.164800
0.156637
0.175897
0.161541
0.171325
0.164800
0.182365
0.170983
0.173526
0.181605
0.181552
0.171325
0.156637
0.151974
0.175851
0.137742
0.156637
0.156637
0.181605
0.170983
0.170983
0.173526
0.151974
0.187908
0.151974
0.164800
0.175851
0.181552
0.182365
0.137742
0.171325
331 335
72 84
95 282
99 480
69 234
18 19
98 299
91 217
240 244
136 137
202 203
367 368
393 394
22 23
85 417
178 179
483 488
196 200
37 38
188 444
8 180
410 415
422 425
362 366
346 347
355 356
32 240
419 421
0 12
26 227
301 305
30 237
243 247
212 215
291 295
414 415
304 309
100 306
489 490
44 264
24 222
152 400
46 327
77 114
130 472
366 370
93 219
347 351
268 270
459 460
396 401
157 371
41 95
123 467
103 479
171 345
188 189
34 35
21 246
100 483
204 205
170 429
364 369
152 399
256 257
366 371
387 389
129 287
125 476
22 251
107 131
453 458
169 431
408 409
105 486
156 356
54 447
52 277
132 150
217 218
141 389
63 452
106 296
117 437
198 199
55 267
287 291
14 197
50 204
246 251
187 363
157 366
109 329
142 143
363 364
435 439
138 401
145 146
313 314
455 459
60 337
69 300
98 480
301 304
227 230
196 199
103 104
25 222
223 226
388 391
363 368
365 370
348 352
433 435
164 408
129 468
228 229
410 411
467 470
312 313
105 294
2 23
464 467
259 260
176 177
138 139
51 204
380 381
432 434
359 361
231 235
177 375
63 339
30 252
98 478
155 167
117 118
123 124
83 101
380 384
10 167
151 416
209 211
31 252
166 490
21 22
58 276
462 463
410 414
320 321
158 366
15 197
68 233
208 209
59 125
39 40
112 336
179 372
69 235
188 360
237 238
448 449
41 202
55 56
389 392
76 77
424 429
223 225
97 478
15 16
97 297
172 427
6 150
35 77
373 374
189 358
163 408
488 489
128 465
297 299
165 490
290 294
90 292
481 484
10 155
357 358
179 461
25 26
274 279
261 266
240 243
128 129
147 374
54 55
280 281
156 157
212 216
160 359
115 322
394 399
258 259
195 196
131 185
318 322
157 158
52 53
269 272
197 201
330 331
42 337
148 367
330 334
164 405
151 400
143 387
187 188
96 297
133 415
158 362
345 349
340 341
148 372
203 204
1 60
28 231
3 29
136 412
456 460
92 218
187 442
319 324
258 263
406 409
73 251
360 364
452 456
375 378
79 80
255 258
75 315
177 178
45 265
128 287
12 252
133 416
28 29
109 110
56 57
29 71
443 444
78 84
87 88
144 386
480 483
244 248
244 245
359 362
247 248
19 237
229 230
305 306
61 338
9 113
139 386
211 215
442 443
331 332
399 400
472 473
113 341
465 466
315 316
76 318
235 236
34 261
112 438
361 365
302 305
327 329
160 357
77 247
16 17
339 340
403 404
376 377
168 431
299 301
394 395
121 122
73 312
177 459
190 445
449 452
86 317
115 116
463 464
484 488
255 256
284 287
66 232
135 414
306 310
160 353
287 290
122 464
33 257
98 302
88 427
67 233
72 251
307 308
114 322
104 479
343 344
314 316
131 472
454 459
318 319
314 317
406 410
48 49
160 161
120 121
295 296
56 272
331 334
10 131
445 446
52 202
110 111
127 462
215 216
90 102
102 477
165 405
421 422
176 459
53 202
100 311
234 235
208 211
385 386
43 262
79 308
469 473
7 168
187 443
134 351
351 356
478 481
51 270
74 250
441 445
245 250
93 285
27 28
158 355
420 424
409 410
435 436
176 378
67 307
475 476
448 451
393 398
145 370
148 374
368 369
395 399
320 325
430 431
379 383
47 266
258 262
170 430
418 419
46 328
130 131
335 340
172 348
334 335
17 42
55 269
224 227
231 236
88 326
165 403
77 322
87 420
214 219
471 475
226 227
20 225
64 65
252 254
96 102
245 246
32 257
19 20
316 317
67 232
190 357
183 393
39 212
473 474
153 404
163 488
31 254
275 280
136 413
110 433
126 127
102 103
404 406
20 242
173 427
103 293
411 416
201 206
395 400
14 15
363 367
439 443
379 384
447 449
85 314
222 223
458 459
132 416
146 369
225 229
354 355
25 208
438 439
362 365
158 159
483 487
35 47
39 198
79 307
80 422
68 234
198 202
16 258
149 367
133 351
33 261
181 388
45 330
94 282
118 326
49 205
185 472
490 491
175 457
87 321
80 309
460 461
241 242
32 238
189 190
0 18
199 200
255 259
62 449
178 373
487 488
41 53
121 464
63 64
290 291
29 90
485 490
57 276
408 412
283 286
2 72
257 261
480 484
290 295
5 41
124 125
118 325
282 283
104 294
172 428
74 75
19 223
214 218
116 323
31 238
474 475
97 477
450 453
82 83
420 423
168 169
68 303
159 362
456 461
72 312
40 198
320 324
62 338
35 247
271 275
114 115
329 331
409 414
214 215
455 456
129 130
5 120
392 395
402 403
343 345
65 341
256 260
482 485
468 472
303 308
388 389
101 311
470 474
468 473
111 435
213 214
403 405
159 353
162 163
147 148
228 232
151 411
149 186
391 392
119 191
2 78
153 399
144 145
141 392
365 369
43 337
282 284
199 204
64 340
99 483
0 36
73 74
75 248
43 44
284 286
79 417
7 83
12 13
97 299
170 343
183 474
342 344
45 46
16 201
7 137
36 207
135 347
23 232
449 451
336 341
387 388
118 446
357 359
253 254
140 396
106 486
433 436
358 359
269 271
200 205
146 381
126 282
411 415
193 194
481 485
141 142
14 255
463 465
62 452
248 249
22 246
122 123
139 401
58 457
100 487
469 470
3 96
91 288
240 241
40 221
181 476
152 407
36 192
288 293
16 262
12 30
427 428
423 424
38 209
220 221
143 180
60 61
276 280
83 311
54 267
309 310
241 244
485 489
434 437
25 224
38 195
116 324
26 210
210 213
11 191
285 288
144 371
335 336
107 167
157 356
289 290
111 332
175 382
130 296
51 273
21 228
116 434
40 216
454 455
142 389
54 60
125 281
462 464
49 206
207 209
98 99
198 203
335 339
184 397
105 482
319 320
145 386
305 310
70 236
46 266
267 268
123 279
470 475
21 242
135 413
2 66
86 418
378 383
484 485
134 414
193 195
13 252
417 418
136 342
37 207
146 147
315 318
58 281
23 66
43 333
171 428
425 426
67 68
349 354
139 396
55 447
6 156
91 218
310 311
346 350
44 333
157 355
154 404
243 248
305 309
59 174
350 355
106 107
112 113
315 319
395 396
440 444
165 489
144 156
45 328
169 342
437 440
133 356
19 239
209 212
242 246
104 482
150 151
415 416
361 364
33 34
122 467
153 154
216 220
334 339
486 490
26 224
374 377
397 398
254 257
407 410
420 421
70 71
219 220
455 460
7 162
141 384
241 245
300 304
137 342
171 429
324 325
425 430
466 469
111 336
270 273
396 400
412 413
271 272
84 85
129 291
123 471
333 338
372 374
277 278
69 70
332 335
319 323
71 96
159 160
141 383
7 101
9 186
164 489
337 338
56 448
91 292
325 326
148 149
112 442
93 283
12 36
134 415
66 78
138 150
61 62
252 253
300 303
117 441
409 413
313 315
125 180
110 332
360 361
224 226
89 326
137 162
68 300
35 266
62 63
0 30
454 458
75 249
439 440
470 471
389 391
87 317
253 255
145 371
122 279
213 217
50 51
377 380
163 412
124 471
74 315
24 25
111 438
89 173
154 402
453 457
78 307
146 370
83 168
139 140
480 481
109 432
381 386
435 438
350 351
303 307
99 100
390 393
273 278
147 368
322 323
28 236
15 258
321 326
17 48
218 219
302 306
154 155
73 313
23 72
19 222
132 356
182 474
99 302
8 174
82 431
186 367
33 243
89 427
180 181
134 135
440 441
257 260
70 298
151 401
196 197
213 218
115 432
418 421
436 439
375 379
381 385
400 401
81 426
44 45
348 353
3 90
117 324
123 280
317 321
466 470
57 58
101 487
23 251
47 327
142 382
180 387
18 237
145 381
177 373
65 113
97 98
127 128
137 412
105 106
85 86
2 84
76 248
108 327
285 286
76 247
286 290
44 263
126 462
245 249
128 284
178 460
46 47
155 185
33 240
308 309
272 275
405 406
418 420
162 487
140 392
70 297
336 340
143 174
373 376
42 262
260 261
347 350
413 414
26 208
61 337
99 306
232 233
71 297
434 436
200 204
5 126
250 251
1 42
104 293
441 446
321 325
392 396
182 183
457 458
374 376
210 214
345 346
167 491
239 242
226 230
63 456
463 466
270 271
450 451
25 207
127 284
177 460
22 228
86 87
425 429
333 334
440 445
68 69
426 431
254 256
163 487
279 280
185 397
138 144
330 333
3 71
197 200
376 379
38 39
238 241
27 227
479 481
260 265
10 185
147 369
24 207
350 354
18 222
328 331
161 357
306 311
149 179
84 312
39 195
403 406
88 321
451 454
161 173
424 425
464 466
81 82
191 357
327 328
1 17
4 35
260 264
61 449
297 298
113 442
229 234
344 346
10 107
163 164
438 442
365 366
66 307
333 337
82 426
46 265
195 198
253 256
155 402
486 491
477 478
146 377
156 371
189 445
67 303
11 119
101 162
452 455
121 277
52 273
106 295
150 416
189 444
265 266
110 435
102 292
261 265
174 382
194 197
349 350
59 281
76 322
8 143
27 213
85 418
398 399
466 467
37 193
171 348
1 54
150 401
193 196
138 386
168 342
94 221
172 173
166 403
267 269
423 428
20 21
24 36
259 264
66 67
176 375
244 249
383 384
81 310
86 314
259 263
38 212
136 344
15 201
105 295
91 92
94 95
13 192
318 323
64 341
129 465
230 231
186 187
346 349
421 425
436 437
181 182
298 300
48 267
65 179
116 437
169 170
215 220
118 119
286 287
117 325
183 390
468 469
13 194
128 463
57 272
304 308
9 65
4 114
89 119
299 302
292 293
169 343
483 484
120 277
298 301
34 247
95 126
428 429
275 276
17 262
382 383
225 226
317 320
391 395
182 390
226 229
166 167
405 408
166 402
304 305
358 361
377 381
194 196
127 463
38 193
223 224
274 278
334 338
338 339
170 171
444 445
56 269
4 108
96 97
195 199
21 225
172 352
151 152
149 372
166 491
406 407
16 206
69 298
169 430
153 398
419 422
18 30
92 93
303 304
424 428
246 250
31 32
103 292
353 354
148 368
268 271
469 474
342 343
85 312
285 289
192 193
174 175
52 203
211 212
62 339
44 330
49 267
0 24
36 37
57 453
12 192
173 352
56 450
450 454
436 440
182 388
112 341
249 250
48 54
81 309
176 458
13 253
405 409
178 372
188 443
4 77
114 432
15 255
352 353
39 216
32 33
379 380
155 397
80 308
109 327
58 453
188 363
45 264
8 125
183 184
103 477
31 237
82 310
481 482
26 27
312 314
63 340
262 263
11 89
48 206
187 367
201 205
142 383
53 120
60 447
88 423
50 268
451 452
92 285
147 377
289 294
426 430
190 446
233 234
49 50
375 376
130 291
372 373
301 302
74 249
348 349
84 417
93 94
78 417
190 358
152 411
124 280
8 59
378 379
161 191
96 477
139 385
75 76
471 476
275 279
130 468
34 243
18 24
154 398
465 469
294 295
107 296
53 277
328 329
152 153
276 281
289 293
159 359
47 108
28 217
121 278
132 156
32 254
404 407
329 332
270 274
121 462
417 419
55 448
485 486
429 430
225 228
92 288
407 411
215 219
95 221
6 144
182 475
135 136
78 79
104 105
263 264
50 270
323 324
100 101
27 210
90 217
373 375
94 220
273 277
238 240
120 462
180 476
478 480
93 220
479 482
175 176
283 285
50 205
124 281
181 387
92 219
164 165
22 232
11 161
388 390
1 48
183 473
29 217
186 442
108 432
451 455
9 149
82 311
175 458
390 394
484 489
438 443
256 259
167 402
49 268
118 441
384 385
42 60
115 323
364 365
465 468
291 296
192 194
237 239
9 179
75 318
351 355
242 245
29 236
165 166
106 491
160 352
191 446
40 41
288 292
437 441
222 224
393 397
293 294
124 476
14 194
6 138
369 370
421 424
343 346
37 192
80 419
111 112
391 394
376 380
364 368
300 301
349 353
135 344
119 326
134 347
175 378
5 95
70 235
5 53
115 434
164 488
477 479
390 391
402 404
87 423
42 43
230 234
184 472
58 59
41 221
316 320
57 450
142 387
447 448
108 114
140 385
94 283
184 393
394 398
264 265
13 14
467 471
286 289
110 329
127 282
153 407
448 450
328 330
140 141
71 236
17 206
361 362
143 382
61 447
288 289
133 134
51 52
131 296
120 126
370 371
158 354
65 461
272 276
199 203
230 235
238 239
298 299
83 431
113 186
274 275
332 336
344 347
211 214
64 461
380 385
108 109
278 279
86 420
273 274
122 278
216 221
210 211
439 444
316 319
200 201
408 413
229 233
90 91
433 434
51 203
119 446
109 433
378 382
11 173
59 457
184 185
171 172
28 213
227 231
14 253
20 239
283 284
423 427
40 202
159 354
453 454
482 486
184 473
422 426
358 360
3 102
174 457
37 209
43 263
181 475
189 360
140 384
313 316
80 81
478 479
74 313
360 363
190 191
73 250
72 73
116 117
137 168
178 461
64 456
345 348
207 208
81 422
268 269
243 244
34 266
132 133
161 352
27 231
6 132
30 31
88 89
228 233
205 206
432 433
170 345
162 412
271 274
107 491
79 419
20 223
239 241
208 210
4 47
154 397
409 413 414
369 364 368
369 146 370
363 368 364
177 459 176
220 94 221
220 221 216
283 282 94
244 245 241
253 255 256
475 470 474
155 154 397
155 402 154
155 397 185
423 428 424
423 427 428
347 351 134
347 350 351
410 409 414
410 406 409
410 407 406
410 411 407
408 413 409
420 423 424
465 463 128
127 128 463
471 475 476
471 470 475
466 464 463
466 463 465
438 439 435
119 11 89
119 89 326
360 363 364
360 358 189
443 439 438
367 148 368
367 368 363
175 378 176
460 459 177
268 271 269
450 454 451
450 453 454
296 131 130
296 130 291
295 106 296
295 296 291
249 244 248
249 245 244
323 116 324
452 456 63
44 45 264
215 219 220
215 214 219
215 220 216
215 211 214
215 212 211
215 216 212
230 226 229
230 229 234
68 300 69
68 69 234
265 260 264
265 264 45
259 256 255
259 260 256
259 264 260
238 31 32
254 32 31
254 253 256
240 244 241
240 32 33
240 241 238
240 238 32
210 214 211
210 26 27
18 24 0
182 390 388
182 475 474
182 474 183
182 183 390
151 411 416
133 351 356
133 134 351
404 406 407
404 154 402
384 385 380
381 380 385
381 146 377
381 377 380
403 402 166
403 406 404
403 404 402
486 482 485
10 185 131
10 155 185
173 89 11
173 427 89
171 348 345
171 345 170
321 317 320
325 320 324
325 326 321
325 321 320
365 370 366
365 364 369
365 369 370
346 347 344
346 350 347
489 485 484
488 487 163
488 489 484
483 488 484
483 487 488
412 408 163
412 413 408
412 136 413
412 137 136
105 295 294
105 106 295
105 486 106
105 482 486
102 90 3
103 102 477
71 236 70
301 305 302
301 302 299
313 312 73
313 314 312
85 312 314
306 99 302
306 302 305
310 309 81
310 305 309
310 306 305
310 311 306
418 419 417
418 417 85
426 81 422
426 422 425
430 431 426
430 426 425
168 137 7
457 174 175
467 470 471
467 466 470
467 122 464
467 464 466
280 275 279
469 465 468
469 466 465
469 470 466
469 474 470
111 438 435
436 435 439
436 440 437
436 439 440
374 372 373
374 148 372
444 439 443
444 440 439
444 189 445
444 445 440
442 443 438
149 372 148
149 148 367
149 179 372
181 182 388
181 475 182
181 476 475
181 180 476
125 476 180
379 378 383
379 383 384
379 384 380
458 176 459
458 175 176
458 459 454
458 457 175
458 454 453
458 453 457
178 177 373
178 460 177
178 372 179
178 373 372
455 454 459
455 459 460
455 451 454
455 460 456
455 452 451
455 456 452
278 122 279
40 216 221
209 211 212
209 212 38
208 210 211
208 26 210
208 211 209
208 209 207
13 12 192
13 192 194
129 468 465
129 130 468
129 465 128
129 291 130
290 294 295
290 295 291
285 286 283
284 127 282
284 282 283
284 283 286
284 128 127
250 245 249
74 313 73
74 315 313
74 73 250
74 250 249
75 249 248
75 315 74
75 74 249
239 238 241
319 324 320
319 323 324
339 340 335
339 63 340
218 219 214
213 210 27
213 214 210
213 218 214
213 217 218
235 230 234
235 69 70
235 234 69
235 70 236
235 236 231
235 231 230
227 27 26
227 226 230
227 224 226
227 26 224
227 231 27
227 230 231
206 17 16
206 48 17
261 260 265
261 265 266
243 248 244
243 240 33
243 244 240
46 265 45
46 266 265
258 259 255
258 255 15
258 15 16
257 254 256
257 32 254
257 256 260
257 33 32
257 261 33
257 260 261
252 253 254
252 12 13
252 13 253
252 254 31
222 18 19
222 24 18
30 18 0
30 252 31
30 0 12
30 12 252
393 394 390
393 390 183
152 407 411
152 411 151
415 410 414
415 414 134
415 134 133
415 133 416
415 416 411
415 411 410
398 399 394
398 397 154
398 394 393
398 393 397
153 154 404
153 404 407
153 398 154
153 399 398
153 407 152
153 152 399
147 369 368
147 368 148
147 146 369
147 377 146
147 148 374
147 374 377
387 388 389
387 181 388
387 180 181
391 392 389
391 389 388
391 390 394
391 388 390
141 384 383
141 389 392
400 152 151
400 399 152
400 151 401
400 401 396
140 385 384
140 392 396
140 141 392
140 384 141
139 385 140
139 140 396
139 396 401
139 401 138
145 370 146
145 146 381
386 138 144
386 381 385
386 385 139
386 139 138
386 144 145
386 145 381
491 106 486
172 171 428
172 348 171
172 428 427
172 427 173
429 424 428
429 428 171
429 425 424
429 171 170
429 430 425
429 170 430
87 423 420
87 317 321
441 437 440
441 445 446
441 440 445
6 156 144
6 144 138
371 366 370
371 144 156
371 370 145
371 145 144
362 365 366
361 364 365
361 360 364
361 358 360
361 365 362
349 345 348
349 346 345
349 350 346
349 354 350
355 350 354
355 356 351
355 351 350
191 11 119
191 119 446
135 134 414
135 347 134
135 414 413
135 413 136
135 344 347
135 136 344
480 99 483
480 483 484
479 477 478
479 103 477
490 485 489
490 166 491
490 486 485
490 491 486
165 403 166
165 166 490
165 490 489
162 412 163
162 163 487
162 7 137
162 137 412
162 101 7
162 487 101
292 90 102
292 103 293
292 102 103
104 105 294
104 482 105
104 294 293
104 293 103
104 479 482
104 103 479
96 3 71
96 477 102
96 102 3
303 300 68
303 68 67
303 307 308
303 67 307
298 300 301
298 69 300
298 70 69
298 301 299
84 85 417
84 312 85
86 317 87
86 87 420
86 314 317
86 85 314
86 420 418
86 418 85
78 84 417
304 308 309
304 309 305
304 305 301
304 303 308
304 301 300
304 300 303
100 483 99
100 99 306
100 487 483
100 101 487
100 306 311
100 311 101
421 422 419
421 425 422
421 424 425
421 419 418
421 420 424
421 418 420
80 81 309
80 422 81
80 309 308
80 419 422
82 311 310
82 426 431
82 310 81
82 81 426
342 137 168
342 344 136
342 136 137
169 431 430
169 168 431
169 430 170
169 342 168
58 457 453
123 467 471
123 280 279
123 279 122
123 122 467
473 469 468
473 183 474
473 474 469
332 329 331
332 331 335
336 335 340
336 332 335
336 111 332
64 63 456
64 340 63
461 456 460
461 179 65
461 178 179
461 460 178
461 64 456
461 65 64
433 435 436
188 363 360
188 444 443
188 360 189
188 189 444
187 367 363
187 443 442
187 363 188
187 188 443
9 65 179
9 113 65
9 179 149
124 125 281
124 281 280
124 123 471
124 280 123
124 471 476
124 476 125
59 174 457
59 281 125
59 58 281
59 457 58
375 373 177
375 177 176
375 176 378
375 378 379
376 374 373
376 379 380
376 380 377
376 377 374
376 373 375
376 375 379
95 221 94
95 94 282
126 282 127
126 95 282
126 5 95
121 464 122
121 122 278
274 279 275
274 278 279
274 275 271
274 273 278
41 5 53
41 40 221
41 221 95
41 95 5
39 38 212
39 212 216
39 216 40
25 224 26
25 26 208
25 24 222
25 222 224
25 207 24
25 208 207
36 12 0
36 192 12
36 0 24
36 24 207
14 13 194
14 15 255
14 255 253
14 253 13
193 194 192
193 196 194
289 290 286
289 286 285
289 293 294
289 294 290
287 129 128
287 286 290
287 128 284
287 284 286
287 291 129
287 290 291
93 94 220
93 220 219
93 283 94
93 285 283
20 19 239
316 314 313
316 319 320
316 320 317
316 317 314
316 313 315
316 315 319
330 45 44
318 315 75
318 319 315
318 323 319
318 322 323
49 206 205
49 48 206
267 268 269
267 49 268
267 48 49
28 213 27
28 27 231
28 217 213
28 231 236
201 205 206
201 206 16
201 16 15
34 261 266
34 33 261
34 243 33
328 331 329
328 330 331
328 46 45
328 45 330
263 259 258
263 264 259
263 44 264
263 43 44
223 222 19
223 19 20
223 226 224
223 224 222
237 31 238
237 30 31
237 238 239
237 18 30
237 19 18
237 239 19
382 383 378
382 175 174
382 378 175
142 141 383
142 389 141
142 387 389
142 383 382
395 394 399
395 399 400
395 391 394
395 400 396
395 396 392
395 392 391
107 106 491
107 296 106
107 131 296
107 10 131
167 491 166
167 166 402
167 10 107
167 107 491
167 402 155
167 155 10
352 348 172
352 172 173
88 423 87
88 87 321
88 89 427
88 427 423
88 326 89
88 321 326
118 119 326
118 326 325
118 446 119
118 441 446
150 138 401
150 6 138
150 401 151
150 151 416
132 356 156
132 156 6
132 133 356
132 416 133
132 150 416
132 6 150
359 357 358
359 358 361
359 160 357
359 361 362
359 159 160
359 362 159
158 362 366
158 355 354
158 354 159
158 159 362
190 446 445
190 191 446
190 189 358
190 445 189
190 358 357
190 357 191
481 478 480
481 480 484
481 484 485
481 479 478
481 485 482
481 482 479
98 302 99
98 99 480
98 299 302
98 480 478
405 408 409
405 409 406
405 406 403
405 403 165
92 219 218
92 93 219
92 285 93
297 96 71
297 298 299
297 71 70
297 70 298
79 80 308
79 419 80
79 308 307
79 307 78
79 417 419
79 78 417
83 311 82
83 7 101
83 101 311
83 82 431
83 168 7
83 431 168
343 342 169
343 346 344
343 344 342
343 345 346
343 170 345
343 169 170
276 281 58
276 280 281
276 275 280
184 185 397
184 397 393
184 393 183
184 183 473
472 131 185
472 473 468
472 130 131
472 468 130
472 185 184
472 184 473
112 113 442
112 442 438
112 438 111
112 111 336
341 65 113
341 336 340
341 340 64
341 64 65
341 113 112
341 112 336
434 433 436
434 437 116
434 436 437
110 329 332
110 435 433
110 111 435
110 332 111
186 187 442
186 442 113
186 113 9
186 367 187
186 149 367
186 9 149
277 121 278
277 278 273
120 5 126
120 121 277
120 53 5
120 277 53
270 271 268
270 273 274
270 274 271
37 207 209
37 36 207
37 209 38
37 38 193
37 192 36
37 193 192
197 194 196
197 14 194
197 15 14
197 201 15
202 40 41
202 41 53
200 205 201
200 197 196
200 201 197
195 38 39
195 193 38
195 196 193
52 53 277
52 277 273
52 202 53
52 203 202
288 292 293
288 293 289
288 289 285
288 285 92
251 250 73
242 241 245
242 239 241
242 20 239
334 339 335
334 335 331
334 331 330
55 269 56
55 267 269
449 451 452
29 28 236
29 236 71
29 71 3
29 217 28
29 3 90
29 90 217
76 322 318
76 77 322
76 75 248
76 318 75
247 243 34
247 248 243
247 76 248
247 77 76
143 180 387
143 382 174
143 387 142
143 142 382
353 352 160
353 354 349
353 349 348
353 348 352
353 159 354
353 160 159
161 173 11
161 352 173
161 160 352
161 357 160
161 11 191
161 191 357
117 437 441
117 441 118
117 324 116
117 116 437
117 325 324
117 118 325
157 158 366
157 355 158
157 366 371
157 371 156
157 156 356
157 356 355
97 299 98
97 98 478
97 297 299
97 96 297
97 478 477
97 477 96
164 163 408
164 408 405
164 488 163
164 489 488
164 165 489
164 405 165
57 276 58
57 450 56
57 453 450
57 58 453
462 464 121
462 121 120
462 463 464
462 120 126
462 127 463
462 126 127
50 49 205
50 268 49
50 270 268
198 40 202
198 202 203
198 39 40
198 195 39
91 90 292
91 292 288
91 217 90
91 218 217
91 92 218
91 288 92
233 229 228
233 234 229
233 67 68
233 68 234
21 22 228
21 20 242
246 251 22
246 242 245
246 245 250
246 250 251
246 22 21
246 21 242
72 73 312
72 251 73
72 312 84
333 334 330
333 44 43
333 330 44
54 267 55
54 48 267
262 17 42
262 263 258
262 16 17
262 258 16
262 43 263
262 42 43
109 329 110
109 110 433
432 433 434
432 109 433
432 108 109
327 328 329
327 329 109
327 109 108
327 46 328
35 34 266
35 247 34
35 77 247
8 125 180
8 174 59
8 59 125
8 180 143
8 143 174
272 275 276
272 276 57
272 271 275
272 57 56
272 269 271
272 56 269
204 205 200
204 50 205
199 200 196
199 198 203
199 203 204
199 204 200
199 196 195
199 195 198
232 228 22
232 233 228
232 67 233
225 228 229
225 21 228
225 229 226
225 20 21
225 226 223
225 223 20
2 84 78
2 72 84
337 42 60
337 43 42
337 333 43
447 60 54
447 54 55
1 42 17
1 17 48
1 60 42
1 54 60
1 48 54
115 323 322
115 432 434
115 116 323
115 434 116
114 322 77
114 108 432
114 115 322
114 432 115
47 266 46
47 46 327
47 327 108
47 35 266
51 203 52
51 204 203
51 273 270
51 52 273
51 270 50
51 50 204
66 78 307
66 2 78
66 307 67
66 67 232
23 251 72
23 72 2
23 22 251
23 232 22
23 66 232
23 2 66
338 339 334
338 334 333
338 333 337
448 447 55
448 450 451
448 451 449
448 449 447
448 56 450
448 55 56
4 114 77
4 77 35
4 108 114
4 35 47
4 47 108
62 449 452
62 339 338
62 452 63
62 63 339
61 449 62
61 62 338
61 60 447
61 447 449
61 337 60
61 338 337
